! Created using laymakeprof.f on klayers mypref.op; except thickness from klayers_ftc
! lat= 45.540, lon=  0.000, 1100mb alt(m)=-6.89000E+02 m
! input=../Data/Pin/mypref (July 2000 version) with CO2=385 ppmv
! Input altitudes: calculated
! Input mixing ratios treated as relative to: wet air (ie not adjusted for water displacement)
! H2O saturation: checked & corrected if needed
! no altitude(m)  thickness(m) pressure(atm) temp(K) fixed=CO2     H2O        O3         CO         CH4        SO2       HNO3         N2O            NH3    
! -- ------------ ------------ ------------  ------- ---------- ---------- ---------- ---------- ---------- ---------- ---------- -- --------	  ----------
Reference Profile (write out of this is commented out in sarta)											            
   1 2.29687E+02 2.29687E+02 1.07120E+00 291.953 4.07228E-07 8.93917E-06 2.54845E-11 1.55598E-10 1.82762E-09 3.20430E-13 4.52459E-14 3.25783E-10  5.1339E-13
   2 4.61241E+02 2.31553E+02 1.04269E+00 290.487 4.01781E-07 8.43422E-06 2.57594E-11 1.52381E-10 1.80317E-09 3.10241E-13 4.68221E-14 3.21424E-10  5.0633E-13
   3 6.94669E+02 2.33429E+02 1.01458E+00 289.002 3.96292E-07 7.93414E-06 2.60226E-11 1.49165E-10 1.77854E-09 3.00108E-13 4.83611E-14 3.17034E-10  4.9922E-13
   4 9.29983E+02 2.35313E+02 9.86866E-01 287.497 3.90765E-07 7.43918E-06 2.62737E-11 1.45952E-10 1.75373E-09 2.90037E-13 4.98618E-14 3.12612E-10  4.9207E-13
   5 1.16719E+03 2.37209E+02 9.59551E-01 285.971 3.85205E-07 6.94972E-06 2.65129E-11 1.42745E-10 1.72878E-09 2.80034E-13 5.13239E-14 3.08164E-10  4.8487E-13
   6 1.40630E+03 2.39112E+02 9.32636E-01 284.425 3.79608E-07 6.46590E-06 2.67395E-11 1.39543E-10 1.70366E-09 2.70102E-13 5.27455E-14 3.03687E-10  4.7764E-13
   7 1.64733E+03 2.41028E+02 9.06124E-01 282.858 3.73984E-07 5.98808E-06 2.69538E-11 1.36349E-10 1.67842E-09 2.60249E-13 5.41265E-14 2.99187E-10  4.7037E-13
   8 1.89030E+03 2.42964E+02 8.80018E-01 281.282 3.68323E-07 5.53473E-06 2.71737E-11 1.33163E-10 1.65301E-09 2.49726E-13 5.54565E-14 2.94658E-10  4.6063E-13
   9 2.13523E+03 2.44937E+02 8.54320E-01 279.711 3.62625E-07 5.12876E-06 2.74222E-11 1.29986E-10 1.62744E-09 2.37612E-13 5.67249E-14 2.90100E-10  4.4542E-13
  10 2.38216E+03 2.46924E+02 8.29031E-01 278.119 3.56900E-07 4.73001E-06 2.76579E-11 1.26820E-10 1.60175E-09 2.25565E-13 5.79489E-14 2.85520E-10  4.3011E-13
  11 2.63108E+03 2.48922E+02 8.04152E-01 276.506 3.51153E-07 4.33704E-06 2.78792E-11 1.23667E-10 1.57595E-09 2.13663E-13 5.91288E-14 2.80922E-10  4.1493E-13
  12 2.88202E+03 2.50937E+02 7.79685E-01 274.878 3.45384E-07 3.95131E-06 2.79640E-11 1.20539E-10 1.55006E-09 2.01530E-13 6.02585E-14 2.76307E-10  3.9751E-13
  13 3.13500E+03 2.52987E+02 7.55633E-01 273.254 3.39593E-07 3.57536E-06 2.76887E-11 1.17456E-10 1.52407E-09 1.88473E-13 6.13275E-14 2.71674E-10  3.7347E-13
  14 3.39006E+03 2.55054E+02 7.31995E-01 271.609 3.33788E-07 3.20594E-06 2.73865E-11 1.14392E-10 1.49802E-09 1.75541E-13 6.23498E-14 2.67030E-10  3.4935E-13
  15 3.64719E+03 2.57128E+02 7.08772E-01 269.940 3.27964E-07 2.84296E-06 2.70791E-11 1.11345E-10 1.47188E-09 1.62808E-13 6.33242E-14 2.62371E-10  3.2560E-13
  16 3.90642E+03 2.59229E+02 6.85965E-01 268.258 3.22122E-07 2.51468E-06 2.67581E-11 1.08400E-10 1.44567E-09 1.50461E-13 6.42245E-14 2.57698E-10  3.0180E-13
  17 4.16779E+03 2.61377E+02 6.63575E-01 266.580 3.16253E-07 2.25619E-06 2.64122E-11 1.05661E-10 1.41932E-09 1.38727E-13 6.50167E-14 2.53002E-10  2.7744E-13
  18 4.43133E+03 2.63542E+02 6.41602E-01 264.877 3.10378E-07 2.00524E-06 2.60618E-11 1.02947E-10 1.39296E-09 1.27217E-13 6.57600E-14 2.48302E-10  2.5347E-13
  19 4.69705E+03 2.65712E+02 6.20048E-01 263.150 3.04491E-07 1.75919E-06 2.57070E-11 1.00246E-10 1.36654E-09 1.15915E-13 6.64539E-14 2.43593E-10  2.2995E-13
  20 4.96497E+03 2.67925E+02 5.98911E-01 261.416 2.98598E-07 1.54439E-06 2.56295E-11 9.78234E-11 1.34009E-09 1.06368E-13 6.70069E-14 2.38879E-10  2.0781E-13
  21 5.23515E+03 2.70176E+02 5.78193E-01 259.679 2.92696E-07 1.36446E-06 2.58670E-11 9.57125E-11 1.31360E-09 9.87855E-14 6.74044E-14 2.34157E-10  1.8720E-13
  22 5.50758E+03 2.72438E+02 5.57892E-01 257.915 2.86790E-07 1.18850E-06 2.60862E-11 9.36063E-11 1.28710E-09 9.13511E-14 6.77562E-14 2.29432E-10  1.6703E-13
  23 5.78230E+03 2.74718E+02 5.38010E-01 256.126 2.80890E-07 1.01865E-06 2.62831E-11 9.15026E-11 1.26062E-09 8.41168E-14 6.80949E-14 2.24712E-10  1.4748E-13
  24 6.05935E+03 2.77053E+02 5.18545E-01 254.341 2.74987E-07 8.92998E-07 2.63995E-11 8.93276E-11 1.23413E-09 7.80391E-14 6.89696E-14 2.19990E-10  1.3205E-13
  25 6.33877E+03 2.79416E+02 4.99496E-01 252.540 2.69085E-07 7.85801E-07 2.64740E-11 8.71307E-11 1.20764E-09 7.24723E-14 7.00053E-14 2.15268E-10  1.1838E-13
  26 6.62056E+03 2.81794E+02 4.80864E-01 250.711 2.63194E-07 6.81163E-07 2.65313E-11 8.49457E-11 1.18120E-09 6.70204E-14 7.09721E-14 2.10555E-10  1.0502E-13
  27 6.90477E+03 2.84202E+02 4.62647E-01 248.864 2.57314E-07 5.84668E-07 2.68024E-11 8.26635E-11 1.15473E-09 6.19957E-14 7.19177E-14 2.05851E-10  9.2513E-14
  28 7.19143E+03 2.86664E+02 4.44844E-01 247.021 2.51444E-07 5.07221E-07 2.77402E-11 8.00704E-11 1.12804E-09 5.80090E-14 7.29375E-14 2.01155E-10  8.1878E-14
  29 7.48058E+03 2.89145E+02 4.27454E-01 245.151 2.45590E-07 4.32931E-07 2.86793E-11 7.74821E-11 1.10143E-09 5.41697E-14 7.38897E-14 1.96472E-10  7.1620E-14
  30 7.77222E+03 2.91646E+02 4.10475E-01 243.251 2.39758E-07 3.61312E-07 2.95720E-11 7.49156E-11 1.07492E-09 5.04289E-14 7.47542E-14 1.91806E-10  6.1694E-14
  31 8.06643E+03 2.94205E+02 3.93907E-01 241.355 2.33938E-07 3.09586E-07 3.04545E-11 7.21525E-11 1.04849E-09 4.71765E-14 7.52642E-14 1.87151E-10  5.3684E-14
  32 8.36323E+03 2.96809E+02 3.77746E-01 239.444 2.28147E-07 2.67496E-07 3.13053E-11 6.93271E-11 1.02220E-09 4.41828E-14 7.55807E-14 1.82518E-10  4.6650E-14
  33 8.66266E+03 2.99427E+02 3.61993E-01 237.501 2.22379E-07 2.26614E-07 3.21041E-11 6.65444E-11 9.96026E-10 4.12562E-14 7.58299E-14 1.77903E-10  3.9816E-14
  34 8.96474E+03 3.02083E+02 3.46643E-01 235.543 2.16638E-07 1.87092E-07 3.41181E-11 6.36499E-11 9.69874E-10 3.86653E-14 7.60506E-14 1.73282E-10  3.3632E-14
  35 9.26954E+03 3.04798E+02 3.31696E-01 233.583 2.10928E-07 1.49043E-07 3.82598E-11 6.05325E-11 9.43683E-10 3.66038E-14 7.62700E-14 1.68636E-10  2.8419E-14
  36 9.57708E+03 3.07536E+02 3.17149E-01 231.590 2.05254E-07 1.12251E-07 4.22693E-11 5.74728E-11 9.17670E-10 3.45974E-14 7.64214E-14 1.64021E-10  2.3388E-14
  37 9.88739E+03 3.10308E+02 3.03000E-01 229.576 1.99612E-07 7.98421E-08 4.62597E-11 5.44659E-11 8.91727E-10 3.26818E-14 7.66643E-14 1.59408E-10  1.8783E-14
  38 1.02006E+04 3.13193E+02 2.89245E-01 227.590 1.94007E-07 6.26075E-08 5.08041E-11 5.14775E-11 8.65547E-10 3.10192E-14 7.75659E-14 1.54707E-10  1.5502E-14
  39 1.05167E+04 3.16112E+02 2.75882E-01 225.577 1.88441E-07 4.77290E-08 5.52175E-11 4.85519E-11 8.39530E-10 2.94186E-14 7.84521E-14 1.50031E-10  1.2478E-14
  40 1.08357E+04 3.19058E+02 2.62908E-01 223.529 1.82918E-07 3.40273E-08 5.98738E-11 4.56980E-11 8.13727E-10 2.78765E-14 7.92990E-14 1.45375E-10  9.6575E-15
  41 1.11578E+04 3.22050E+02 2.50320E-01 221.464 1.77435E-07 2.67729E-08 6.87225E-11 4.29233E-11 7.87866E-10 2.65807E-14 8.06934E-14 1.40528E-10  7.8257E-15
  42 1.14829E+04 3.25077E+02 2.38115E-01 219.365 1.72003E-07 2.12590E-08 7.82281E-11 4.02239E-11 7.62222E-10 2.53646E-14 8.21112E-14 1.35684E-10  6.2808E-15
  43 1.18112E+04 3.28277E+02 2.26289E-01 217.325 1.66620E-07 1.60691E-08 8.73020E-11 3.75886E-11 7.36843E-10 2.41802E-14 8.34466E-14 1.30899E-10  4.8272E-15
  44 1.21450E+04 3.33871E+02 2.14838E-01 216.773 1.61289E-07 1.27269E-08 9.68038E-11 3.48980E-11 7.11499E-10 2.31201E-14 8.56343E-14 1.26129E-10  3.9009E-15
  45 1.24855E+04 3.40447E+02 2.03759E-01 216.740 1.56010E-07 1.00684E-08 1.06070E-10 3.22448E-11 6.86376E-10 2.21138E-14 8.79577E-14 1.21409E-10  3.1687E-15
  46 1.28327E+04 3.47258E+02 1.93048E-01 216.707 1.50789E-07 7.59289E-09 1.14621E-10 2.96528E-11 6.61564E-10 2.11423E-14 9.00350E-14 1.16761E-10  2.4782E-15
  47 1.31871E+04 3.54352E+02 1.82701E-01 216.700 1.45627E-07 6.04506E-09 1.20816E-10 2.68787E-11 6.36734E-10 2.03570E-14 9.15302E-14 1.12170E-10  1.9489E-15
  48 1.35488E+04 3.61706E+02 1.72713E-01 216.700 1.40524E-07 4.80186E-09 1.26024E-10 2.41270E-11 6.12164E-10 1.96310E-14 9.27231E-14 1.07648E-10  1.4809E-15
  49 1.39181E+04 3.69340E+02 1.63080E-01 216.700 1.35487E-07 3.67855E-09 1.31643E-10 2.14988E-11 5.87962E-10 1.89267E-14 9.41587E-14 1.03204E-10  1.0571E-15
  50 1.42954E+04 3.77248E+02 1.53798E-01 216.700 1.30511E-07 2.90530E-09 1.40701E-10 1.90569E-11 5.63967E-10 1.82853E-14 9.73749E-14 9.88203E-11  7.5963E-16
  51 1.46808E+04 3.85469E+02 1.44861E-01 216.700 1.25607E-07 2.20751E-09 1.49582E-10 1.67272E-11 5.40386E-10 1.76579E-14 1.00536E-13 9.45204E-11  4.9062E-16
  52 1.50749E+04 3.94007E+02 1.36266E-01 216.700 1.20771E-07 1.74402E-09 1.59199E-10 1.46304E-11 5.17137E-10 1.70668E-14 1.06469E-13 9.02754E-11  3.0286E-16
  53 1.54777E+04 4.02875E+02 1.28007E-01 216.700 1.16005E-07 1.56646E-09 1.69928E-10 1.28011E-11 4.94196E-10 1.65198E-14 1.15973E-13 8.60779E-11  2.1379E-16
  54 1.58898E+04 4.12116E+02 1.20078E-01 216.700 1.11316E-07 1.39695E-09 1.80521E-10 1.10787E-11 4.71714E-10 1.59650E-14 1.26503E-13 8.19631E-11  1.3455E-16
  55 1.63116E+04 4.21732E+02 1.12475E-01 216.700 1.06700E-07 1.22474E-09 1.96112E-10 9.61228E-12 4.49534E-10 1.53231E-14 1.49880E-13 7.78425E-11  9.4948E-17
  56 1.67433E+04 4.31764E+02 1.05192E-01 216.700 1.02165E-07 1.05883E-09 2.11719E-10 8.25591E-12 4.27819E-10 1.46705E-14 1.74641E-13 7.38036E-11  6.5276E-17
  57 1.71855E+04 4.42211E+02 9.82241E-02 216.700 9.77059E-08 9.57957E-10 2.31806E-10 7.14124E-12 4.06168E-10 1.38007E-14 2.14852E-13 6.97036E-11  4.5391E-17
  58 1.76387E+04 4.53135E+02 9.15648E-02 216.700 9.33317E-08 9.04618E-10 2.54580E-10 6.21502E-12 3.84750E-10 1.27857E-14 2.65174E-13 6.55997E-11  3.2796E-17
  59 1.81032E+04 4.64557E+02 8.52085E-02 216.700 8.90421E-08 8.55545E-10 2.78281E-10 5.35748E-12 3.63798E-10 1.17341E-14 3.19777E-13 6.15587E-11  2.3070E-17
  60 1.85797E+04 4.76494E+02 7.91492E-02 216.700 8.48354E-08 8.12532E-10 3.04904E-10 4.58230E-12 3.43234E-10 1.05949E-14 3.84123E-13 5.75362E-11  1.7613E-17
  61 1.90687E+04 4.89014E+02 7.33810E-02 216.700 8.07193E-08 7.71966E-10 3.30152E-10 3.87846E-12 3.23049E-10 9.45050E-15 4.50053E-13 5.35721E-11  1.2979E-17
  62 1.95709E+04 5.02127E+02 6.78974E-02 216.700 7.66901E-08 7.35621E-10 3.55574E-10 3.28525E-12 3.02885E-10 8.21855E-15 5.27272E-13 4.95425E-11  9.6825E-18
  63 2.00868E+04 5.15912E+02 6.26921E-02 216.700 7.27547E-08 7.00789E-10 3.80880E-10 2.77923E-12 2.82964E-10 7.05545E-15 5.97552E-13 4.56244E-11  6.9440E-18
  64 2.06172E+04 5.30375E+02 5.77588E-02 216.700 6.89087E-08 6.68154E-10 4.09826E-10 2.42892E-12 2.62676E-10 5.97945E-15 6.58855E-13 4.17596E-11  5.1303E-18
  65 2.11632E+04 5.46043E+02 5.30907E-02 216.864 6.51601E-08 6.36931E-10 4.32684E-10 2.14119E-12 2.42754E-10 5.04842E-15 7.04673E-13 3.80410E-11  3.8026E-18
  66 2.17266E+04 5.63385E+02 4.86812E-02 217.355 6.15064E-08 6.07574E-10 4.46877E-10 1.93513E-12 2.22950E-10 4.31872E-15 7.28661E-13 3.44511E-11  3.1567E-18
  67 2.23084E+04 5.81859E+02 4.45233E-02 217.900 5.79524E-08 5.79329E-10 4.65660E-10 1.78426E-12 2.03382E-10 3.69494E-15 7.38346E-13 3.11645E-11  2.6941E-18
  68 2.29099E+04 6.01498E+02 4.06103E-02 218.491 5.44954E-08 5.52201E-10 4.87283E-10 1.68104E-12 1.84199E-10 3.16867E-15 7.35123E-13 2.81798E-11  2.3754E-18
  69 2.35323E+04 6.22355E+02 3.69352E-02 219.103 5.11390E-08 5.27940E-10 4.99803E-10 1.62273E-12 1.66167E-10 2.77707E-15 7.16064E-13 2.56810E-11  2.1149E-18
  70 2.41769E+04 6.44572E+02 3.34907E-02 219.737 4.78867E-08 5.03908E-10 5.06311E-10 1.57990E-12 1.49308E-10 2.44920E-15 6.88233E-13 2.33952E-11  1.8779E-18
  71 2.48451E+04 6.68246E+02 3.02696E-02 220.393 4.47369E-08 4.78236E-10 5.06925E-10 1.54373E-12 1.33774E-10 2.16255E-15 6.50377E-13 2.11798E-11  1.6441E-18
  72 2.55386E+04 6.93527E+02 2.72647E-02 221.073 4.16915E-08 4.53961E-10 5.06487E-10 1.50694E-12 1.19728E-10 1.90454E-15 5.97360E-13 1.89564E-11  1.3971E-18
  73 2.62592E+04 7.20551E+02 2.44685E-02 221.771 3.87512E-08 4.29220E-10 5.00117E-10 1.45633E-12 1.07507E-10 1.68060E-15 5.37800E-13 1.69066E-11  1.1731E-18
  74 2.70087E+04 7.49520E+02 2.18736E-02 222.479 3.59196E-08 4.01957E-10 4.82155E-10 1.37758E-12 9.76731E-11 1.50089E-15 4.77770E-13 1.52157E-11  1.0079E-18
  75 2.77894E+04 7.80639E+02 1.94725E-02 223.213 3.31946E-08 3.75267E-10 4.62962E-10 1.29844E-12 8.84410E-11 1.33379E-15 4.21476E-13 1.36351E-11  8.5707E-19
  76 2.86036E+04 8.14195E+02 1.72575E-02 223.980 3.05782E-08 3.49332E-10 4.43304E-10 1.22073E-12 7.97088E-11 1.17794E-15 3.68247E-13 1.21509E-11  7.1806E-19
  77 2.94541E+04 8.50592E+02 1.52211E-02 224.809 2.80715E-08 3.24203E-10 4.24307E-10 1.14647E-12 7.13794E-11 1.03429E-15 3.13720E-13 1.07535E-11  5.8882E-19
  78 3.03442E+04 8.90070E+02 1.33555E-02 225.679 2.56747E-08 2.99867E-10 4.04821E-10 1.07358E-12 6.35549E-11 9.01376E-16 2.62824E-13 9.45140E-12  4.7114E-19
  79 3.12775E+04 9.33250E+02 1.16530E-02 226.636 2.33891E-08 2.76137E-10 3.84755E-10 1.00247E-12 5.62344E-11 7.81733E-16 2.16538E-13 8.22140E-12  3.6715E-19
  80 3.22587E+04 9.81281E+02 1.01058E-02 227.852 2.12136E-08 2.52422E-10 3.64353E-10 9.35224E-13 4.93530E-11 6.83337E-16 1.74774E-13 6.99511E-12  2.8197E-19
  81 3.32929E+04 1.03413E+03 8.70622E-03 229.150 1.91507E-08 2.29649E-10 3.43483E-10 8.69129E-13 4.29864E-11 5.93825E-16 1.37358E-13 5.86917E-12  2.0715E-19
  82 3.43884E+04 1.09555E+03 7.44631E-03 231.164 1.71992E-08 2.07859E-10 3.20529E-10 8.07331E-13 3.70075E-11 5.16070E-16 1.04139E-13 4.82809E-12  1.4412E-19
  83 3.55574E+04 1.16899E+03 6.31828E-03 234.361 1.53593E-08 1.87046E-10 2.95078E-10 7.51054E-13 3.13666E-11 4.51291E-16 7.49712E-14 3.86139E-12  9.3355E-20
  84 3.68086E+04 1.25113E+03 5.31441E-03 237.750 1.36293E-08 1.67146E-10 2.66705E-10 6.98427E-13 2.62464E-11 3.98371E-16 5.14495E-14 2.98777E-12  5.6213E-20
  85 3.81525E+04 1.34397E+03 4.42684E-03 241.341 1.20137E-08 1.48181E-10 2.34517E-10 6.51121E-13 2.16379E-11 3.59471E-16 3.40059E-14 2.19938E-12  3.4363E-20
  86 3.96018E+04 1.44923E+03 3.64782E-03 245.222 1.05056E-08 1.30507E-10 2.00796E-10 6.05380E-13 1.75111E-11 3.29681E-16 2.18824E-14 1.58038E-12  1.9171E-20
  87 4.11717E+04 1.56990E+03 2.96971E-03 249.408 9.10902E-09 1.14142E-10 1.67390E-10 5.60498E-13 1.38604E-11 3.05751E-16 1.35118E-14 1.09460E-12  8.8024E-21
  88 4.28808E+04 1.70914E+03 2.38479E-03 253.937 7.82129E-09 9.94248E-11 1.31709E-10 5.20848E-13 1.05556E-11 2.94724E-16 7.60316E-15 7.05691E-13  3.6734E-21
  89 4.47524E+04 1.87160E+03 1.88548E-03 258.856 6.64243E-09 8.57189E-11 9.94298E-11 4.84633E-13 7.70159E-12 2.90976E-16 3.72751E-15 4.14675E-13  1.2667E-21
  90 4.68151E+04 2.06267E+03 1.46427E-03 264.210 5.56967E-09 7.26271E-11 7.26699E-11 4.52583E-13 5.34384E-12 2.96076E-16 1.79857E-15 2.27610E-13  4.6844E-22
  91 4.90986E+04 2.28357E+03 1.11385E-03 269.425 4.60023E-09 6.02561E-11 4.88681E-11 4.23588E-13 3.50800E-12 3.09774E-16 9.63226E-16 1.18349E-13  1.8082E-22
  92 5.16052E+04 2.50661E+03 8.26914E-04 270.398 3.73698E-09 4.87929E-11 3.07380E-11 4.16072E-13 2.20942E-12 3.18262E-16 5.61166E-16 5.37372E-14  7.8420E-23
  93 5.43269E+04 2.72164E+03 5.96366E-04 266.412 2.97140E-09 3.83788E-11 1.88419E-11 4.07104E-13 1.49402E-12 2.97338E-16 3.76852E-16 2.96572E-14  4.5450E-23
  94 5.72924E+04 2.96551E+03 4.15277E-04 260.487 2.30643E-09 2.92826E-11 1.06221E-11 3.91868E-13 1.01772E-12 2.62506E-16 2.58568E-16 1.76290E-14  2.8156E-23
  95 6.05320E+04 3.23959E+03 2.76896E-04 252.322 1.73507E-09 2.11705E-11 5.94064E-12 3.96963E-13 7.13457E-13 2.13828E-16 1.76753E-16 1.05187E-14  1.7776E-23
  96 6.41047E+04 3.57277E+03 1.74804E-04 243.039 1.25458E-09 1.43843E-11 3.08854E-12 4.08417E-13 4.96845E-13 1.60962E-16 1.17275E-16 5.97194E-15  1.0880E-23
  97 6.81113E+04 4.00659E+03 1.02713E-04 232.761 8.63706E-10 8.97459E-12 1.47664E-12 4.19318E-13 3.41972E-13 1.08260E-16 7.53887E-17 3.25697E-15  6.4782E-24
  98 7.26952E+04 4.58385E+03 5.47147E-05 221.323 5.54014E-10 4.95427E-12 5.10697E-13 4.25062E-13 2.19354E-13 6.03349E-17 4.56979E-17 1.65617E-15  3.6377E-24
  99 7.81426E+04 5.44741E+03 2.53192E-05 209.992 3.21224E-10 2.33165E-12 2.12625E-13 5.11939E-13 1.27247E-13 2.42614E-17 2.52504E-17 7.46396E-16  1.8593E-24
 100 8.50541E+04 6.91148E+03 9.36807E-06 198.164 1.58686E-10 8.09276E-13 1.32680E-13 6.84309E-13 6.34536E-14 5.57683E-18 1.20529E-17 2.82792E-16  8.1559E-25
